1	2	0	4	
2	1	0	2	2	
3	0	0	1	2	1	
1	3	0	7	
2	2	0	4	3	
3	1	0	2	4	2	
4	0	0	1	3	3	1	
1	4	1	14	
2	3	0	8	7	
3	2	0	4	8	3	
4	1	0	2	6	6	2	
5	0	0	1	4	6	4	1	
1	5	1	28	
2	4	0	17	14	
3	3	0	8	16	7	
4	2	0	4	12	11	3	
5	1	0	2	8	12	7	2	
6	0	0	1	5	10	10	5	1	
1	6	2	57	
2	5	0	34	27	
3	4	0	16	32	13	
4	3	0	8	24	23	7	
5	2	0	4	16	23	15	3	
6	1	0	2	10	20	19	9	2	
7	0	0	1	6	15	19	14	5	1	
1	7	4	114	
2	6	0	68	54	
3	5	0	32	64	27	
4	4	0	16	48	45	13	
5	3	0	8	32	47	29	7	
6	2	0	4	20	39	38	18	3	
7	1	0	2	12	29	39	28	11	2	
8	0	0	1	7	20	35	33	19	6	1	
1	8	8	227	
2	7	0	136	109	
3	6	0	64	127	54	
4	5	0	32	96	90	27	
5	4	0	16	64	93	59	13	
6	3	0	8	40	78	76	36	7	
7	2	0	4	24	59	78	56	21	3	
8	1	0	2	14	41	69	66	39	12	2	
9	0	0	1	8	27	56	66	53	25	7	1	
1	9	16	454	
2	8	0	272	218	
3	7	0	128	255	108	
4	6	0	64	192	181	54	
5	5	0	32	128	186	117	27	
6	4	0	16	80	157	152	72	13	
7	3	0	8	48	118	155	112	43	7	
8	2	0	4	28	82	138	132	78	25	3	
9	1	0	2	16	54	113	133	106	51	14	2	
10	0	0	1	9	34	88	117	124	77	33	8	1	
