1	2	2	4	
2	1	0	4	2	
3	0	0	3	3	1	
1	3	4	8	
2	2	1	8	4	
3	1	0	6	6	2	
4	0	0	4	6	4	1	
1	4	7	16	
2	3	2	16	8	
3	2	0	12	12	4	
4	1	0	7	12	8	2	
5	0	0	4	10	10	5	1	
1	5	15	32	
2	4	4	32	16	
3	3	1	24	24	8	
4	2	0	15	24	16	4	
5	1	0	7	20	20	10	2	
6	0	0	3	15	19	15	6	1	
1	6	30	64	
2	5	8	64	32	
3	4	1	48	48	16	
4	3	0	30	48	32	8	
5	2	0	14	40	40	19	4	
6	1	0	7	30	38	29	12	2	
7	0	0	3	20	32	34	21	7	1	
1	7	59	128	
2	6	15	128	64	
3	5	2	96	96	32	
4	4	0	59	96	63	16	
5	3	0	29	80	80	39	8	
6	2	0	13	60	76	58	24	4	
7	1	0	6	39	63	69	41	14	2	
8	0	0	3	23	52	65	56	27	8	1	
1	8	118	256	
2	7	31	256	128	
3	6	5	192	192	64	
4	5	0	118	192	126	32	
5	4	0	57	160	160	78	16	
6	3	0	26	120	152	116	48	8	
7	2	0	12	79	127	137	83	28	4	
8	1	0	6	45	104	129	112	55	16	2	
9	0	0	3	25	76	113	124	82	36	9	1	
1	9	237	512	
2	8	62	512	256	
3	7	10	384	384	128	
4	6	0	237	384	252	64	
5	5	0	114	320	319	155	32	
6	4	0	52	240	304	233	96	16	
7	3	0	25	158	253	275	166	56	8	
8	2	0	12	91	209	259	223	110	32	4	
9	1	0	6	51	153	226	249	163	71	18	2	
10	0	0	3	28	102	188	239	205	118	45	10	1	
