1	2	1	4	
2	1	0	4	2	
3	0	0	2	2	1	
1	3	3	8	
2	2	1	7	4	
3	1	0	5	5	2	
4	0	0	3	4	4	1	
1	4	6	16	
2	3	2	14	8	
3	2	1	10	10	4	
4	1	0	6	7	8	2	
5	0	0	4	5	9	4	1	
1	5	11	32	
2	4	3	29	15	
3	3	1	19	19	8	
4	2	1	12	15	15	4	
5	1	0	7	10	18	9	2	
6	0	0	4	5	20	11	6	1	
1	6	22	64	
2	5	7	57	31	
3	4	3	38	38	16	
4	3	1	25	29	30	8	
5	2	0	15	20	37	18	4	
6	1	0	9	10	40	21	12	2	
7	0	0	5	6	35	21	20	6	1	
1	7	44	128	
2	6	13	114	62	
3	5	5	76	76	32	
4	4	2	49	59	61	16	
5	3	1	29	40	74	35	8	
6	2	0	17	21	80	42	23	4	
7	1	0	10	12	70	42	40	13	2	
8	0	0	5	7	56	35	53	24	8	1	
1	8	88	256	
2	7	27	228	124	
3	6	10	152	153	64	
4	5	4	98	118	122	32	
5	4	2	58	79	147	70	16	
6	3	1	35	42	160	84	47	8	
7	2	0	19	24	140	83	79	26	4	
8	1	0	11	13	112	69	105	47	15	2	
9	0	0	6	7	84	54	114	68	32	9	1	
1	9	176	512	
2	8	53	456	248	
3	7	21	305	306	128	
4	6	8	196	235	243	63	
5	5	4	117	159	294	141	32	
6	4	2	69	84	319	169	93	16	
7	3	1	39	48	280	166	158	52	8	
8	2	0	21	27	224	138	210	95	30	4	
9	1	0	11	14	168	108	228	137	64	17	2	
10	0	0	6	7	120	80	212	174	97	42	10	1	
