1	2	1	4	
2	1	0	3	2	
3	0	0	2	2	1	
1	3	2	8	
2	2	1	7	4	
3	1	0	4	5	2	
4	0	0	3	4	4	1	
1	4	5	16	
2	3	1	14	8	
3	2	1	9	9	4	
4	1	0	6	7	7	2	
5	0	0	3	5	9	4	1	
1	5	10	32	
2	4	3	27	16	
3	3	1	18	19	8	
4	2	0	11	15	15	4	
5	1	0	7	10	18	9	2	
6	0	0	4	5	19	11	6	1	
1	6	19	64	
2	5	5	55	31	
3	4	2	36	38	16	
4	3	1	23	29	30	8	
5	2	0	13	20	35	17	4	
6	1	0	8	11	37	21	11	2	
7	0	0	4	6	34	19	20	6	1	
1	7	38	128	
2	6	11	110	62	
3	5	4	72	75	32	
4	4	2	45	58	59	16	
5	3	1	27	39	71	35	8	
6	2	0	16	22	75	42	23	4	
7	1	0	9	11	68	39	39	13	2	
8	0	0	5	6	56	28	55	22	8	1	
1	8	77	256	
2	7	22	219	124	
3	6	8	143	151	64	
4	5	3	91	116	119	32	
5	4	1	53	79	141	70	16	
6	3	1	31	43	149	85	46	8	
7	2	0	17	22	137	78	79	25	4	
8	1	0	10	12	112	57	110	45	15	2	
9	0	0	5	6	84	39	124	61	33	8	1	
1	9	154	512	
2	8	44	439	249	
3	7	17	286	302	128	
4	6	6	181	233	238	63	
5	5	3	106	158	283	140	32	
6	4	1	62	86	299	170	92	16	
7	3	1	35	45	273	156	158	51	8	
8	2	0	19	23	224	114	219	90	30	4	
9	1	0	10	12	168	79	248	122	66	17	2	
10	0	0	5	6	120	49	250	138	105	40	10	1	
