1	2	3	1	
2	1	2	0	1	
3	0	1	0	1	0	
1	3	5	1	
2	2	3	0	1	
3	1	2	1	2	1	
4	0	1	1	2	1	0	
1	4	11	2	
2	3	7	0	3	
3	2	4	1	3	1	
4	1	2	2	4	1	1	
5	0	1	1	4	1	1	0	
1	5	21	4	
2	4	14	0	5	
3	3	7	3	7	2	
4	2	4	3	8	3	1	
5	1	2	3	8	3	3	1	
6	0	1	2	7	3	5	1	0	
1	6	43	9	
2	5	28	0	11	
3	4	15	5	14	5	
4	3	8	7	17	6	3	
5	2	4	6	17	6	6	1	
6	1	2	4	15	5	9	3	1	
7	0	1	3	12	4	13	4	2	0	
1	7	85	18	
2	6	56	0	22	
3	5	30	10	27	9	
4	4	15	14	33	12	5	
5	3	8	12	34	12	11	2	
6	2	4	9	30	11	18	6	1	
7	1	2	6	24	8	27	8	4	1	
8	0	1	4	17	5	34	7	8	2	0	
1	8	171	36	
2	7	111	0	44	
3	6	60	21	54	19	
4	5	31	27	66	24	10	
5	4	16	24	68	24	22	5	
6	3	8	17	60	21	37	11	2	
7	2	4	12	47	16	53	15	8	1	
8	1	2	7	35	11	68	13	17	4	1	
9	0	1	4	24	6	77	3	32	7	3	0	
1	9	341	72	
2	8	223	0	88	
3	7	119	41	108	37	
4	6	61	55	133	47	20	
5	5	31	48	136	48	44	10	
6	4	16	35	119	42	74	22	5	
7	3	8	23	95	32	107	31	16	2	
8	2	4	15	70	21	136	26	34	8	1	
9	1	2	9	48	12	154	6	64	15	5	1	
10	0	1	5	31	12	138	0	90	21	12	3	0	
