1	2	4	3	
2	1	2	4	1	
3	0	1	3	2	1	
1	3	8	5	
2	2	4	8	2	
3	1	2	6	5	1	
4	0	1	4	6	3	1	
1	4	16	10	
2	3	8	16	4	
3	2	4	12	10	2	
4	1	2	8	11	6	1	
5	0	1	5	10	8	4	1	
1	5	32	21	
2	4	16	32	9	
3	3	8	24	20	4	
4	2	4	16	22	12	2	
5	1	2	10	19	17	7	1	
6	0	1	6	15	18	12	4	1	
1	6	64	41	
2	5	32	63	17	
3	4	16	48	40	9	
4	3	8	32	44	24	4	
5	2	4	20	38	34	14	2	
6	1	2	12	29	36	24	8	1	
7	0	1	7	21	32	30	16	5	1	
1	7	128	83	
2	6	64	127	34	
3	5	32	96	79	17	
4	4	16	64	88	48	9	
5	3	8	40	76	68	28	4	
6	2	4	24	58	72	48	16	2	
7	1	2	14	41	65	60	32	9	1	
8	0	1	8	28	53	63	46	21	5	1	
1	8	256	165	
2	7	128	253	68	
3	6	64	192	159	34	
4	5	32	128	176	96	17	
5	4	16	80	152	136	57	9	
6	3	8	48	116	144	97	33	4	
7	2	4	28	82	130	121	64	19	2	
8	1	2	16	55	105	126	92	42	10	1	
9	0	1	9	36	80	117	107	67	26	6	1	
1	9	512	330	
2	8	256	506	137	
3	7	128	384	317	69	
4	6	64	256	352	192	35	
5	5	32	160	304	272	113	17	
6	4	16	96	232	287	193	65	9	
7	3	8	56	164	259	241	129	37	4	
8	2	4	32	110	210	252	183	83	21	2	
9	1	2	18	71	160	234	215	135	52	11	1	
10	0	1	10	45	115	199	222	177	93	32	6	1	
