1	2	0	3	
2	1	0	2	2	
3	0	0	1	2	1	
1	3	0	7	
2	2	0	4	3	
3	1	0	2	4	2	
4	0	0	1	3	3	1	
1	4	1	13	
2	3	0	9	6	
3	2	0	4	8	3	
4	1	0	2	6	5	2	
5	0	0	1	4	6	3	1	
1	5	2	26	
2	4	0	17	12	
3	3	0	8	15	6	
4	2	0	4	12	10	3	
5	1	0	2	8	11	7	2	
6	0	0	1	5	10	9	4	1	
1	6	3	52	
2	5	0	34	25	
3	4	0	16	30	12	
4	3	0	8	24	21	6	
5	2	0	4	16	22	14	3	
6	1	0	2	10	19	18	8	2	
7	0	0	1	6	15	19	13	5	1	
1	7	6	105	
2	6	0	69	49	
3	5	0	33	61	24	
4	4	0	16	48	42	12	
5	3	0	8	32	45	27	6	
6	2	0	4	20	39	36	17	3	
7	1	0	2	12	29	37	26	10	2	
8	0	0	1	7	20	34	32	18	6	1	
1	8	12	210	
2	7	0	137	98	
3	6	0	66	122	49	
4	5	0	32	96	84	24	
5	4	0	16	64	90	54	12	
6	3	0	8	40	77	72	33	6	
7	2	0	4	24	58	75	53	20	3	
8	1	0	2	14	41	67	63	36	11	2	
9	0	0	1	8	27	55	64	50	24	6	1	
1	9	25	420	
2	8	0	275	196	
3	7	0	131	244	97	
4	6	0	64	193	168	49	
5	5	0	32	129	180	108	24	
6	4	0	16	80	154	144	66	12	
7	3	0	8	48	116	150	105	39	6	
8	2	0	4	28	81	135	126	72	23	3	
9	1	0	2	16	54	111	128	101	47	13	2	
10	0	0	1	9	34	86	114	118	73	30	7	1	
