1	2	4	1	
2	1	2	2	1	
3	0	1	2	1	0	
1	3	8	3	
2	2	4	4	1	
3	1	2	4	3	1	
4	0	1	3	3	2	0	
1	4	15	5	
2	3	8	8	3	
3	2	4	8	6	1	
4	1	2	6	7	4	1	
5	0	1	4	6	5	2	0	
1	5	30	10	
2	4	16	17	6	
3	3	8	16	12	3	
4	2	4	12	14	7	1	
5	1	2	8	13	11	4	1	
6	0	1	5	10	12	8	3	0	
1	6	60	21	
2	5	32	34	12	
3	4	16	32	24	6	
4	3	8	24	28	15	3	
5	2	4	16	26	21	9	1	
6	1	2	10	21	24	15	5	1	
7	0	1	6	15	22	19	10	3	0	
1	7	121	41	
2	6	64	68	24	
3	5	32	64	47	12	
4	4	16	48	56	29	6	
5	3	8	32	52	43	18	3	
6	2	4	20	42	47	30	10	1	
7	1	2	12	31	45	39	20	6	1	
8	0	1	7	21	38	41	30	13	3	0	
1	8	241	82	
2	7	127	135	48	
3	6	64	128	95	24	
4	5	32	96	112	59	12	
5	4	16	64	104	85	35	6	
6	3	8	40	84	95	60	21	3	
7	2	4	24	62	90	77	41	12	1	
8	1	2	14	43	76	83	59	26	7	1	
9	0	1	8	28	60	78	72	42	16	4	0	
1	9	483	164	
2	8	255	271	95	
3	7	128	257	189	47	
4	6	64	192	224	118	24	
5	5	32	128	208	171	71	12	
6	4	16	80	168	190	120	41	6	
7	3	8	48	123	180	154	81	24	3	
8	2	4	28	86	153	165	119	52	13	1	
9	1	2	16	57	120	156	145	84	33	7	1	
10	0	1	9	36	90	135	156	111	60	20	4	0	
