1	2	0	3	
2	1	0	2	1	
3	0	0	1	2	1	
1	3	0	6	
2	2	0	4	3	
3	1	0	2	3	1	
4	0	0	1	3	2	1	
1	4	1	12	
2	3	0	7	6	
3	2	0	4	6	3	
4	1	0	2	5	5	1	
5	0	0	1	4	5	3	1	
1	5	1	23	
2	4	0	15	11	
3	3	0	8	13	6	
4	2	0	4	10	9	3	
5	1	0	2	7	10	6	1	
6	0	0	1	5	8	8	4	1	
1	6	3	47	
2	5	0	30	22	
3	4	0	16	25	11	
4	3	0	8	20	18	6	
5	2	0	4	14	19	12	3	
6	1	0	2	9	17	16	7	1	
7	0	0	1	6	13	16	11	4	1	
1	7	6	93	
2	6	0	59	44	
3	5	0	31	50	22	
4	4	0	16	40	36	11	
5	3	0	8	28	38	24	6	
6	2	0	4	18	33	31	15	3	
7	1	0	2	11	25	32	23	9	1	
8	0	0	1	7	18	29	27	16	5	1	
1	8	12	186	
2	7	1	119	88	
3	6	0	63	100	44	
4	5	0	32	81	73	22	
5	4	0	16	56	77	47	11	
6	3	0	8	36	66	62	29	6	
7	2	0	4	22	51	65	46	17	3	
8	1	0	2	13	36	59	55	32	10	1	
9	0	0	1	8	24	49	55	44	21	6	1	
1	9	23	372	
2	8	2	238	176	
3	7	0	126	201	89	
4	6	0	64	162	146	44	
5	5	0	32	113	154	95	22	
6	4	0	16	72	133	125	59	11	
7	3	0	8	44	102	130	91	35	6	
8	2	0	4	26	72	117	109	63	20	3	
9	1	0	2	15	48	97	111	87	42	11	1	
10	0	0	1	9	31	76	99	103	63	27	6	1	
