1	2	0	3	
2	1	0	0	2	
3	0	0	0	1	1	
1	3	0	6	
2	2	0	0	4	
3	1	0	0	2	2	
4	0	0	0	1	2	1	
1	4	0	11	
2	3	0	0	8	
3	2	0	0	3	4	
4	1	0	0	1	4	2	
5	0	0	0	1	3	3	1	
1	5	0	23	
2	4	0	0	15	
3	3	0	0	6	8	
4	2	0	0	3	7	4	
5	1	0	0	1	5	6	2	
6	0	0	0	1	3	5	4	1	
1	6	0	46	
2	5	0	0	31	
3	4	0	0	12	16	
4	3	0	0	5	15	8	
5	2	0	0	2	10	11	4	
6	1	0	0	1	7	10	8	2	
7	0	0	0	0	4	8	9	5	1	
1	7	0	91	
2	6	0	0	62	
3	5	0	0	24	32	
4	4	0	0	10	29	16	
5	3	0	0	5	21	22	8	
6	2	0	0	2	13	21	15	4	
7	1	0	0	1	8	17	18	10	2	
8	0	0	0	0	5	11	18	14	6	1	
1	8	0	183	
2	7	0	0	123	
3	6	0	0	48	64	
4	5	0	0	21	58	32	
5	4	0	0	10	41	45	16	
6	3	0	0	4	27	42	30	8	
7	2	0	0	2	16	33	37	19	4	
8	1	0	0	1	11	22	37	27	12	2	
9	0	0	0	0	6	15	31	31	20	7	1	
1	9	0	366	
2	8	0	0	246	
3	7	0	0	97	128	
4	6	0	0	42	117	64	
5	5	0	0	19	82	89	32	
6	4	0	0	9	53	84	61	16	
7	3	0	0	4	33	67	73	38	8	
8	2	0	0	1	21	44	74	55	23	4	
9	1	0	0	1	12	30	63	63	39	14	2	
10	0	0	0	0	8	14	57	54	54	26	8	1	
