1	2	1	1	
2	1	0	2	0	
3	0	0	1	1	0	
1	3	2	2	
2	2	0	5	0	
3	1	0	2	2	0	
4	0	0	1	3	1	0	
1	4	3	3	
2	3	0	10	0	
3	2	0	5	5	0	
4	1	0	2	6	2	0	
5	0	0	1	4	4	1	0	
1	5	6	6	
2	4	0	20	0	
3	3	0	10	10	0	
4	2	0	4	12	4	0	
5	1	0	2	8	8	2	0	
6	0	0	1	5	8	5	1	0	
1	6	13	13	
2	5	0	39	0	
3	4	0	20	20	0	
4	3	0	8	25	8	0	
5	2	0	4	16	16	4	0	
6	1	0	2	10	17	10	2	0	
7	0	0	1	6	13	13	6	1	0	
1	7	26	26	
2	6	0	79	0	
3	5	0	39	39	0	
4	4	0	16	50	16	0	
5	3	0	8	33	33	8	0	
6	2	0	4	20	33	20	4	0	
7	1	0	2	12	27	27	12	2	0	
8	0	0	1	7	19	27	19	7	1	0	
1	8	52	52	
2	7	0	158	0	
3	6	0	79	79	0	
4	5	0	31	100	31	0	
5	4	0	16	66	66	16	0	
6	3	0	8	40	67	40	8	0	
7	2	0	4	24	53	53	24	4	0	
8	1	0	2	14	38	55	38	14	2	0	
9	0	0	1	8	26	46	46	26	8	1	0	
1	9	104	104	
2	8	0	315	0	
3	7	0	158	158	0	
4	6	0	63	200	63	0	
5	5	0	31	131	131	31	0	
6	4	0	16	80	133	80	16	0	
7	3	0	8	48	107	107	48	8	0	
8	2	0	4	29	75	110	75	29	4	0	
9	1	0	2	16	52	93	93	52	16	2	0	
10	0	0	1	9	32	79	83	79	32	9	1	0	
