1	2	3	0	
2	1	2	1	0	
3	0	1	1	1	0	
1	3	7	0	
2	2	4	1	1	
3	1	2	2	1	0	
4	0	1	2	2	1	0	
1	4	13	0	
2	3	8	3	1	
3	2	4	4	3	1	
4	1	2	4	4	2	0	
5	0	1	3	4	3	1	0	
1	5	27	1	
2	4	16	5	3	
3	3	8	9	6	1	
4	2	4	8	8	3	1	
5	1	2	6	8	5	2	0	
6	0	1	4	7	7	4	1	0	
1	6	54	2	
2	5	31	11	5	
3	4	16	17	12	2	
4	3	8	16	15	6	1	
5	2	4	12	16	11	4	1	
6	1	2	8	14	13	7	2	0	
7	0	1	5	11	14	10	5	1	0	
1	7	107	3	
2	6	62	22	10	
3	5	32	34	23	4	
4	4	16	32	31	13	2	
5	3	8	24	32	22	8	1	
6	2	4	16	28	27	15	4	1	
7	1	2	10	22	28	20	10	2	0	
8	0	1	6	16	25	24	15	6	1	0	
1	8	215	7	
2	7	124	43	20	
3	6	64	69	47	8	
4	5	32	64	62	26	4	
5	4	16	48	64	43	15	2	
6	3	8	32	56	54	29	9	1	
7	2	4	20	44	55	41	19	5	1	
8	1	2	12	32	50	47	31	12	3	0	
9	0	1	7	22	41	47	40	21	7	1	0	
1	9	429	13	
2	8	248	87	40	
3	7	127	138	93	17	
4	6	64	129	124	51	9	
5	5	32	96	127	87	30	4	
6	4	16	64	112	107	58	17	2	
7	3	8	40	88	110	82	38	10	1	
8	2	4	24	64	100	94	61	24	5	1	
9	1	2	14	44	83	95	80	41	15	3	0	
10	0	1	8	29	64	85	92	57	29	9	2	0	
