1	2	4	2	
2	1	2	2	1	
3	0	1	2	2	0	
1	3	7	4	
2	2	4	5	2	
3	1	2	4	4	1	
4	0	1	3	4	2	1	
1	4	15	7	
2	3	8	9	4	
3	2	4	8	7	2	
4	1	2	6	8	4	1	
5	0	1	4	7	6	3	0	
1	5	30	15	
2	4	16	19	8	
3	3	8	16	14	4	
4	2	4	12	16	9	2	
5	1	2	8	14	12	6	1	
6	0	1	5	11	13	9	3	0	
1	6	60	29	
2	5	32	37	16	
3	4	16	33	28	8	
4	3	8	24	31	18	4	
5	2	4	16	28	24	11	2	
6	1	2	10	22	26	18	7	1	
7	0	1	6	16	24	22	12	4	1	
1	7	119	58	
2	6	63	75	33	
3	5	32	66	57	16	
4	4	16	48	63	36	8	
5	3	8	32	56	49	22	4	
6	2	4	20	44	52	35	13	2	
7	1	2	12	32	48	44	24	7	1	
8	0	1	7	22	40	46	34	16	4	0	
1	8	238	116	
2	7	126	150	65	
3	6	64	131	114	32	
4	5	32	97	125	72	16	
5	4	16	64	111	98	44	8	
6	3	8	40	88	105	71	26	4	
7	2	4	24	64	97	87	49	15	2	
8	1	2	14	44	81	91	69	32	9	1	
9	0	1	8	29	63	84	81	49	20	5	1	
1	9	477	233	
2	8	252	299	130	
3	7	128	263	228	64	
4	6	64	193	250	143	32	
5	5	32	128	223	196	88	16	
6	4	16	80	175	209	142	52	8	
7	3	8	48	127	193	175	97	30	4	
8	2	4	28	88	161	182	137	63	17	2	
9	1	2	16	58	126	169	163	99	40	9	1	
10	0	1	9	37	93	143	172	127	71	25	5	0	
