1	2	0	2	
2	1	0	1	1	
3	0	0	1	1	1	
1	3	0	4	
2	2	0	2	2	
3	1	0	1	2	1	
4	0	0	0	2	2	1	
1	4	0	8	
2	3	0	4	4	
3	2	0	2	4	2	
4	1	0	1	3	3	1	
5	0	0	0	2	3	2	1	
1	5	0	17	
2	4	0	8	9	
3	3	0	4	8	4	
4	2	0	2	6	6	2	
5	1	0	1	4	6	4	1	
6	0	0	0	3	5	5	3	1	
1	6	0	34	
2	5	0	15	17	
3	4	0	8	16	9	
4	3	0	4	12	12	4	
5	2	0	2	8	12	8	2	
6	1	0	1	5	10	10	5	1	
7	0	0	0	3	7	10	8	3	1	
1	7	0	67	
2	6	0	30	35	
3	5	0	16	32	17	
4	4	0	8	24	25	9	
5	3	0	4	16	24	17	4	
6	2	0	2	10	20	21	11	2	
7	1	0	1	6	15	21	15	6	1	
8	0	0	0	4	10	18	18	11	4	1	
1	8	0	135	
2	7	0	61	70	
3	6	0	32	64	35	
4	5	0	16	48	49	17	
5	4	0	8	32	49	33	9	
6	3	0	4	20	40	41	21	4	
7	2	0	2	12	30	41	31	13	2	
8	1	0	1	7	20	36	35	22	7	1	
9	0	0	0	4	13	30	34	29	15	4	1	
1	9	0	270	
2	8	1	122	139	
3	7	0	64	127	70	
4	6	0	32	96	98	35	
5	5	0	16	64	97	67	17	
6	4	0	8	40	80	82	42	9	
7	3	0	4	25	59	82	62	25	4	
8	2	0	2	15	41	73	71	44	15	2	
9	1	0	1	8	26	60	69	59	29	9	1	
10	0	0	0	5	16	48	58	68	42	19	5	1	
